6.040478801568037737e-01 2.576739373780058795e+00 -5.925736599989642750e-01 8.357742665361350687e-01 -3.851559094941857664e-01 1.507848372003361082e+00 1.262297414527668638e+00 2.799610116393119186e-01 1.461544025812140601e+00 -1.293550933096401234e+00 -1.181642177253001913e+00 7.199614313222516548e-01 1.680416765720097239e+00 3.840760360424865794e-01 8.079987009045244695e-02 1.316330460581402795e+00 7.073007616147218568e-02
-2.597266946364216178e+00 -1.336180657858166532e+00 4.651940876117274248e-01 5.381377461135625762e-01 2.212543167372519992e+00 -2.473980275627158942e+00 -9.156014819014783868e-01 -2.159259737273926949e-01 -1.173430264118428684e-01 1.467059665418429582e+00 -1.328232554159943790e+00 -6.590247081746632984e-01 1.515218005870043072e+00 6.080955245183118363e-01 5.297058545125055140e-01 6.073975925388866992e-01 3.805182364936066652e-01
-9.207135765285312523e-01 3.497038908906873189e-01 1.254271978267742949e+00 3.133075541359083838e-01 -3.237168349934307909e-01 -2.292194697803942915e+00 8.778309343978811796e-01 -8.253265642716252071e-01 -9.911699553088497705e-01 2.077581195325342023e-01 -1.134385158800612636e+00 -1.297317642740992705e+00 -2.285469389837472054e+00 1.263054547177738574e+00 -8.760227025083622276e-01 1.804650750103343748e-01 1.093244467161734512e+00
5.567525086895745712e-02 -1.744906753072834160e+00 1.034653465607622502e+00 -7.225242174566857134e-01 1.164899036652943698e+00 2.439371424893605145e+00 1.488524188962902395e+00 -9.611731916679396859e-01 1.084440668917335593e+00 -1.050697089675947549e+00 -3.168098229208133332e-01 5.467746241523432360e-01 3.900600454537659356e-01 -4.155373501471416042e-01 6.534508224291230016e-01 1.555925692485787382e+00 8.870779298263434809e-01
8.366379774025458627e-01 -6.304763118237065311e-02 8.373371150219637293e-01 -2.886789978438626392e-01 -1.424215609238267621e+00 -1.729531922672002953e-01 2.264984079190881516e+00 -2.449722161069148196e+00 -6.341837638778961839e-02 1.636854218760988910e+00 2.147095790751659017e+00 1.547326966309681362e+00 5.883850704718073255e-01 -6.454624153929869879e-01 -5.352417879448116977e-01 -1.561468188280628722e+00 -1.117865518351266685e+00
2.747601089535026131e-01 -1.496704627228025997e+00 3.525747362501156501e-01 -1.463672134008585202e+00 -1.381508889302074605e+00 2.772090743352494391e-01 6.133103584402257447e-01 1.310301084890234780e+00 3.476968170173780903e-01 -1.008587310001464177e+00 -1.190080115368149061e+00 -2.444539288855996154e-02 4.873883117642320850e-01 -6.997869879585809638e-01 7.919990410003737713e-01 5.269381932615748582e-02 -4.563668563300350978e-01
3.024501210703866017e-01 1.785102830608393143e+00 5.585602917458408756e-01 4.314923199922199859e-01 8.173317623004543453e-01 -1.314175120675328934e+00 1.433837595916303664e+00 9.400000952524908970e-02 -6.374435715573887329e-01 4.775893105988541221e-01 1.473846978246111661e+00 1.017933173711711881e+00 -1.232187127226516798e+00 -5.034731377835613975e-01 -9.126241068632180431e-01 -1.044832394367786410e+00 -1.585381806550308026e+00
2.306229642451792294e+00 -1.056648180647627777e+00 2.348014423627690639e-01 6.019548704641501935e-01 -5.849300430702233933e-02 5.921038403233960246e-01 1.769650011484330543e+00 -1.557798227781655775e+00 -2.601349006338595782e-01 2.746603372351864580e-01 -4.291774959660812211e-02 -3.348841035875969596e-01 -9.297825543378859248e-01 -2.089349915791741452e+00 -2.262545479367823048e-02 -6.991511543564338238e-01 7.095673976271302807e-01
2.248712631356227509e-01 -7.510237309919184368e-01 -6.600939175143275550e-01 8.939039308429410635e-01 -1.027345300018222440e+00 2.976682450098629418e-01 -1.684283569366861855e+00 -1.409828967004494116e+00 -1.272571708429620363e-01 -1.445569666680675436e+00 -9.186453697940585306e-01 -1.114172329938188266e+00 3.350473347762568110e-01 -8.381609922453435446e-02 -7.922471862123230402e-01 -6.924278990367881415e-01 3.715282114757816889e-01
9.844479869510635028e-01 -1.295855545071527282e-01 1.137408138401994950e+00 1.785582398860801501e+00 -2.150384020500594406e+00 2.557511426285241640e+00 -2.110246673774123227e+00 2.472758879699642254e+00 5.461536391920972511e-01 -2.506988096311042469e-01 -5.784833857826082726e-01 3.936402343957005057e-01 8.742723061344731539e-02 1.474338981896195638e-02 -5.549699844350218791e-01 -1.194764321023617792e-01 8.988735690439104697e-01
4.225332270702834569e-01 -1.790859877955048418e+00 2.525125510237253290e-01 8.567658557924229257e-01 1.678015522313182351e-02 1.227025045759711636e-02 8.334780273964638442e-02 -9.145377891401468284e-02 1.750527458676815584e+00 -9.476724453035050288e-01 -6.759679862471298373e-01 -1.436312584460398556e-01 1.896970921265716259e-01 9.539669672949695478e-01 1.640445967997836429e-01 1.051655016269733345e+00 -9.804480681040607104e-01
5.439215144464748519e-01 1.794092840102865238e-01 3.741660988180809388e-01 1.001601581279449427e+00 -2.788873000171651073e-01 6.309792921925303499e-01 1.207810999478672986e+00 2.127614291593177623e-02 2.338311388213449027e-01 3.516455000023183119e-01 -5.015989451142305322e-02 9.073710643477898019e-01 1.175440178595468899e+00 3.802297733470733632e-01 5.940725153399856184e-01 -3.465916936624909295e-01 7.253501078179720452e-01
-5.783078996258849136e-01 4.037167395222678312e-01 -1.148564035527187110e+00 1.895172035590150100e-02 -1.333626162829589346e+00 3.002063631046367753e-01 5.621413900585580103e-01 3.393081451385594471e-01 -1.221650574511951470e+00 -1.051396336169350576e+00 -1.050732841153025898e+00 -9.132764781208188021e-01 1.100728433963416908e+00 -7.275155662683175928e-01 -1.182309312134971063e-01 1.265069338792511378e+00 1.258719075382659147e+00
-5.679988832606281957e-01 -4.646999883667368159e-01 9.078046275666756815e-01 -2.307084385706625607e-01 -1.183458784081140580e+00 2.514503740033630433e-02 4.496111994046103066e-01 9.768356095299507436e-01 -9.261191960980534599e-02 -1.989317130211132323e+00 -4.091498099891705542e-01 -1.294248747033778513e-01 -6.608335384768732057e-01 -6.621153419393716044e-02 7.589988641307001682e-01 3.962785285727273010e-02 -1.291980580975193416e+00
-7.899508198151143634e-02 2.910489943571826360e-02 9.663699399943674884e-01 -3.412270468430229076e-01 1.559637304272508962e-01 3.157515276669078386e-01 -4.723357395119765628e-02 -1.130592566606274524e-01 3.900155119792753644e-01 3.784585935874573703e-01 -6.505310821434349133e-01 -1.949685462067325403e-01 -1.590853984546674038e-01 3.287737464886644756e-01 2.379212133307311738e+00 3.243366156963138347e-01 1.581645685020236503e+00
-6.122780780354858399e-01 -2.401589889899794772e-01 -1.846856237259512576e-02 -2.569242179371709622e-01 -5.835216165381990061e-02 -1.085033720209347852e+00 -6.284054193314340120e-01 -1.920678827219208351e+00 1.368160382433623479e+00 -3.195500456232013842e-01 2.696803964020868527e-01 -6.352899467204571327e-01 -6.038799700436605633e-01 -1.176844429728187702e+00 1.291899390482199594e-01 1.376425071154834034e+00 -3.940342973862638876e-01
-3.326817195906454305e+00 -2.417909893365524532e+00 1.491192658234463009e+00 -2.576408557700058943e-01 7.086221844518167945e-01 8.759943152464804150e-01 1.894053778088619966e+00 9.683304021161622810e-01 9.659835272723794608e-01 2.093785667274819240e-01 -8.982359623575305596e-01 5.375480557887143407e-01 1.896180725154559266e+00 -7.225427537443662729e-01 6.268120230904086210e-01 7.354055406459050204e-01 -8.313304658460578533e-01
-1.160464486094148484e-01 2.431537494397254320e-02 7.418816693571597121e-01 3.846926153796639825e-01 2.881109716260578657e-01 4.844521066866442904e-01 -8.582205592758303248e-02 -1.042578356376557130e-01 1.392885863334204277e+00 1.333960127185034039e-01 7.073762608479777780e-01 -8.333604499401534582e-01 -8.308607450218036261e-01 1.165521526982754130e+00 6.270484699355581837e-01 4.851289001578950461e-02 -5.951869327955648936e-01
9.702931160366500274e-01 2.779152409393883527e-01 -1.551588700210344340e+00 2.596177354874598553e+00 -1.931892803162994943e+00 -4.553271804009923485e-01 -1.560852447081305883e+00 -9.387014916849896196e-01 5.476555251985405492e-01 -2.055506255353395373e-01 1.048879167347916974e+00 7.660754667992846212e-01 1.315675762142969774e+00 -9.698390213645288194e-01 9.266576330590176047e-02 5.465700881440846981e-01 3.036803404791471594e-01
1.183799302150466248e+00 -9.550933826264611515e-01 7.544602461529752446e-01 -3.124901868088243440e-01 8.690106235105040655e-01 9.910169550965757246e-01 2.752447854179796427e-01 -1.839606653575733830e+00 -9.215407177492690449e-02 1.079880157778609684e+00 7.411435678460509546e-01 -7.977215580306441511e-01 -9.279642713725527736e-01 -5.455784292569544336e-01 4.029808255584385046e-01 -8.419691915976813545e-01 1.317182284118068036e+00
3.948128293919784260e-01 1.083346817547444552e+00 -1.031212503879860520e+00 1.402910532453068182e+00 -3.792750501553576736e-01 -1.792133146004656341e+00 7.612207720047069470e-01 -1.310109088160161361e+00 -1.160835850362815780e+00 1.725999562553838684e+00 3.900392221361250744e-01 -1.514776786530670716e+00 -1.722664293326298113e+00 -5.766373323917851623e-01 -8.653426299322378723e-01 1.415301350915214584e+00 -2.171063321865731865e-01
-1.815319798501842385e-01 -1.462465341167486221e-01 1.025961272621569220e+00 -2.583317853514239815e-01 -2.176970121947363612e+00 1.046828804502311971e+00 -7.574760750775312301e-01 -1.615942723424613536e+00 -6.029819491866480474e-01 1.039162881821696693e+00 -3.844267429630496835e-01 -9.139056638704559088e-01 -4.802055709110270021e-01 5.988342402063480119e-01 6.114496815139979224e-01 8.403359746102935235e-01 -3.962712337789028871e-02
1.931624292808305832e+00 -2.194715251285541124e-01 -4.819061421557588876e-01 4.815897463365041015e-02 -6.284381812953887536e-02 9.640963568896576685e-02 -2.928518112784304628e-01 -2.087766191896684997e+00 1.314602283742623889e+00 -1.322310837661425209e+00 -1.504969839834869649e+00 4.085964058161031254e-01 -9.443235859834974155e-01 -9.612238861113783228e-01 -1.327899246824169044e-01 1.119731222146053140e+00 7.140014874575081327e-01
2.755164522318663600e+00 -3.110438690948622020e-01 -1.202540144279832246e+00 -2.441217968171061070e+00 1.392343962023980142e+00 1.458347433824853934e-01 -2.777893197280729254e+00 -1.192046053434483166e-01 2.013100566615740605e-01 -6.817756394323627456e-01 -1.241319905748058838e+00 8.771229325180130987e-01 -8.364952367354222540e-01 -3.803215989129214991e-01 -9.534733976983503778e-01 -3.105006810933763073e-01 3.914001403322511785e-01
1.206099611009576522e+00 -3.543849404547134707e-01 6.990814137752525692e-01 3.400793285165197577e-02 2.112493011165115675e+00 1.617077154431509900e-01 9.242052260949723541e-01 1.095075785723177209e+00 -1.139933907567229010e+00 4.775736703575885755e-01 1.959127479251819848e-01 1.900706732298013568e+00 -4.130948659204650153e-01 1.639430543682760533e+00 4.682858950647925123e-01 1.461722869190752006e+00 -5.113845607007178051e-01
1.963264877804962172e+00 8.923158289589648851e-01 2.814478574073404182e+00 -1.514850575325233706e+00 4.614266432106953753e-01 -3.567405892816736812e-01 -6.919986898158094757e-01 7.290882815170068865e-01 -6.412146980118204054e-01 -1.640218758948227273e-01 -1.283942748412660873e+00 1.906829342974994068e+00 3.203747550333075900e-01 1.098046542498250400e+00 -8.840453271047840067e-01 1.048781226580760562e+00 1.389533438292509748e+00
8.009688897127161811e-01 -1.204923160499780099e+00 7.112155828958517667e-02 3.312807722492447371e-02 1.951845048053664211e+00 1.509922385075883167e+00 -5.046315994923273110e-03 6.748281154384354608e-01 1.161175530953182378e+00 1.172017859194237399e+00 1.337511634183396358e+00 5.196556481972557151e+00 -7.706829922677841394e-01 1.493504666193337660e-01 4.685908794009628897e-01 2.254191575922342983e-01 8.599478785448929630e-01
1.597026913122309377e+00 -2.178696430288613040e-01 -9.107724978885241018e-01 -2.427299275290349945e-01 -1.150800311570110646e+00 2.740650725436692525e+00 1.037853376112969350e+00 -1.731024023966743153e+00 1.373632999183657999e+00 -6.723598882993887527e-01 1.821546392442756845e+00 1.956914631062441456e+00 4.181311797628085358e+00 1.222426291520026131e+00 -1.171932610482897985e+00 -8.794361016598051251e-01 1.238529646719960908e+00
1.495742002236948753e+00 5.414084155409051302e-01 -1.369760536874059520e+00 2.278662694181914361e-01 -1.720329953243686649e-01 -2.074699587377083709e+00 -1.988571037779560235e+00 -2.695783651432589467e-01 -2.100803129729645058e-01 4.205193524809742178e-01 -9.235267335545890299e-01 1.859983406149668506e+00 -1.191309981456757816e+00 -4.199685046902494889e-01 4.309392699476968791e-02 1.644046492314611640e+00 -4.229976140149347974e-01
-8.217447509925477345e-01 5.200662052869393648e-01 4.503973575411426844e-01 2.722136603809341415e-01 9.488796875869874858e-01 -5.603724479312020834e-02 2.700710172594078529e-01 7.265705231153921084e-02 1.727348997403666653e+00 1.554777781374281909e-01 -5.512604306551300848e-01 9.286559409729834291e-01 3.196544658868014643e-01 -6.303164189346754931e-01 1.300794086192445242e-01 1.849581480178603909e+00 -4.010248663630972543e-01
-2.498565214421391567e-01 -8.600790651877505688e-01 -1.250505925946963304e+00 2.303591893331573548e+00 -6.500390383063914257e-01 4.184439622780666279e-01 2.616643003986660165e+00 -8.308993334757571736e-01 1.133910987906660450e+00 2.048436487328650468e+00 -1.609160383706794428e-01 -8.624575542153297691e-01 1.656335155282525062e-01 1.831407650920310548e+00 -4.857183778293486243e-01 9.877410009242555411e-01 -2.415735421212584777e-01
5.086706771365491209e-01 -1.252549579813817537e+00 8.828374893657620071e-01 1.541094897029614996e+00 -2.060650096430232558e+00 5.939746067516523675e-01 1.830120827769147751e-01 8.918933721786388436e-01 -1.513669940335693742e-01 5.516321608748854244e-01 -4.460626358324388252e-01 -4.111038460431968300e-01 6.739544410577960054e-01 -1.034594858123026206e+00 1.059487986703288920e+00 6.059836069319587404e-01 -2.668172412174962815e-01
-2.917333768605819277e-01 -1.343062483660475204e+00 1.558857312722431443e-01 8.051203511659729140e-01 -1.441505505897102912e+00 -2.072548102902518063e-01 2.111069173006407507e+00 -3.085012534327843614e+00 1.095122215798499221e+00 -1.532299523682961073e+00 2.497777982808570274e-02 -2.120389248151036965e-01 -7.255279455973919767e-01 5.995525592514547863e-01 1.361480474848263178e+00 -3.527280390751846850e-01 -2.434776938990877715e-02
-3.694821959946693046e-01 6.477542591050957643e-01 8.005669593114537186e-01 6.476662832623009125e-01 5.575899161347712685e-01 9.867808887320592692e-01 -1.585858574368106400e-01 8.343166095692151618e-01 -2.000219397176441927e+00 1.566063321019833809e+00 4.381580165211482747e-01 3.123826805730769429e-01 -1.768182093392048904e-01 1.306734632671516350e+00 7.612022561821480959e-01 2.758813358747733702e-01 1.353148545250233425e+00
-1.254094957195404370e-01 4.924104182995789336e-01 -9.404903387887757482e-01 -2.097575425576185815e-01 -2.132221292416900393e+00 1.270745147940122721e-01 -1.104848577843116963e+00 -1.259277467063940392e+00 4.338364456009030645e-01 -5.812504307012631433e-01 -6.597758607986931034e-01 -4.836562842698779452e-01 3.533615552859196152e-01 -5.778326142172059976e-01 1.705549061226161012e+00 2.251639091692847039e+00 -1.276364953121368995e+00
6.362116858234574401e-01 2.663006535394182306e-01 1.935508850729783237e-01 1.333747221889093337e+00 1.063251814815994623e+00 -1.019213534332008980e-01 9.469796560879283715e-04 4.993545382806308663e-01 7.407048884153093482e-01 1.191285198446797311e-01 -4.432116861743960468e-01 9.898907656227706742e-01 3.687301026543121640e-01 1.864034109939077144e+00 9.102279496118907964e-01 -3.045011227201873116e-01 2.002341730641624462e+00
7.471108742080871945e-01 -8.034897319101515223e-02 9.754841271802370262e-01 -1.956892008704591790e+00 -8.132516105296445919e-02 -4.823240470289846260e-01 1.095849757057517859e+00 -2.203399715714744467e+00 -7.089349774842920171e-01 -1.866699422364279215e+00 7.993578930745310895e-01 -1.829079809814111723e-02 1.175122321377960688e+00 -9.704957202303652330e-01 1.019771727644326609e-01 4.560781396177598403e-03 7.199322919791778519e-02
