1.201028287727263555e+00 -1.565434385262422179e+00 1.284218137514268498e+00 2.522607887124416193e-01 1.214526364561573590e+00 2.953746952099731260e+00 -1.369186724843497238e+00 2.346345520413021468e+00 -2.854845947547430818e+00 -5.914698193090699441e-01 9.908290640584118680e-01 -9.500562002915516890e-01 -6.588735030445928009e-01
4.648485718716045545e-01 -5.538730040316980352e-01 -9.842410271314544490e-01 -4.689678549478725755e-01 1.526762603456564227e+00 1.661118391014131612e+00 3.656463535742627280e-01 2.777368298584870665e+00 -2.848679791282706208e+00 3.626089661834286937e-01 -1.379038530647136218e+00 -1.116860590425410749e+00 7.909647193047031344e-01
3.124104235947023356e-01 -2.833071152927916225e-01 2.018771093925178783e-01 -6.253926676947201280e-01 4.895571331226749034e-01 -1.189069275019150607e-01 -6.110143114389854357e-02 -4.319623015104827046e-01 7.104838647319180467e-01 -5.982349197246593642e-01 6.713410102109639288e-01 1.906744735385531353e+00 -2.844632871728376977e-01
5.105317305503220826e-01 8.912710711740371439e-01 -1.164712899344104935e+00 1.975568589421805132e+00 -4.247152736777995430e-01 -7.959140418906936187e-02 1.109228734748878564e-01 8.842980185882316491e-01 2.846201226362000014e+00 -1.539710551078163014e+00 -3.420265496743884331e-02 1.679816889640962208e+00 7.211933697185056724e-01
1.503793555425697148e+00 -5.101718639559837953e-01 2.319345958905717708e+00 -6.785335575659667828e-01 -1.048157158973755054e+00 -3.417378167296696301e-01 1.325293215220288701e-01 -2.662744857007655952e+00 -1.350743919880509569e+00 3.000863115378541668e+00 6.739272392313003790e-01 1.135072004882946572e+00 5.166195131051156686e-01
9.931584480915146562e-01 -1.427961458638745240e+00 2.186843221700403461e+00 1.435204542247296711e-01 1.685620220632432886e+00 6.568107501079086807e-01 8.507764668183580570e-01 -1.287957064755008707e+00 1.440175972681808192e+00 -2.284888119492123781e+00 4.834596013515118917e-02 -2.173037858409342160e+00 3.286413785426419709e-01
5.354864528925070699e-01 -1.309062631688991729e+00 9.420965034845667496e-01 -1.552074075697290889e-01 -7.250344349737608551e-01 1.358815445620372708e-01 -1.828596514212399882e+00 -1.796640006062960038e-01 3.638194139151828654e+00 1.285772872281922607e+00 -1.127900717273184528e+00 1.412058399849263068e+00 2.243900662526108203e-01
-3.221442296133588901e+00 6.005979907331706613e-01 5.919071447924278279e-02 -7.306725690301839327e-02 5.773381809232364104e-01 -8.053204299995488924e-01 1.189655204640750030e+00 8.058906904629576928e-01 -1.874440573033794855e-01 -3.871567922864881939e-01 2.032809648015251880e-01 -4.200604298681872573e-01 5.880567494798707440e-01
-1.048546603022473711e+00 2.811471766642560932e-01 1.837442873538095656e+00 -6.231720329818386528e-01 1.164528367254107799e+00 -6.988786393001459318e-01 1.653410268028333852e-01 -5.724979108614995926e-01 9.103351809802781025e-01 8.690775695011082602e-01 -1.576120761120721969e+00 -2.292055355064675226e-01 -3.544566426479913712e-01
-2.124590092930451757e+00 1.232980540515301593e+00 -1.573230029444484313e+00 9.996467713745779693e-02 -8.188451413553058389e-01 -2.614276994778400032e-01 -6.988397306114479957e-01 -9.982522734461306557e-01 1.414844833622631859e-01 -7.667596752298873053e-01 1.274885057917511944e+00 1.578969503664240381e+00 -5.335419655902726710e-01
1.191497301690244592e+00 2.083317292942724830e+00 1.280519665285306363e+00 5.298575928782481848e-01 1.802578594326531114e+00 9.709287295799023942e-02 -1.641320122833232809e+00 3.105532595721254285e-01 -1.605527179496795798e+00 3.298335598797904611e-01 9.677323163910963588e-01 -2.318404006695641950e+00 1.844989018503885303e+00
-1.033833655217617498e+00 -4.115044971284179454e+00 3.055227240643141773e+00 -9.647735520231701667e-01 1.646301365068499445e+00 1.108755262437367772e+00 5.280192722969807573e-01 -6.732491064565420125e-01 -9.986958866056351303e-01 2.363518948184123225e+00 1.018035983174238934e+00 1.269804849602367058e+00 -7.754136206045053603e-01
-1.490377139578868304e+00 1.514060852300239457e+00 1.628727026047417592e+00 -4.160278540080276088e-01 -3.915780372633245049e-02 -1.727915371990723203e+00 -4.845469158020318523e-01 -7.879919315068133479e-01 3.288810472341435975e+00 1.462077206455432377e+00 -9.800554093592331872e-01 -2.267043884168701839e-01 -1.784658477890650241e+00
-5.082811716971993299e-01 -4.794981054629514072e-01 -1.258473718074956338e+00 2.316078984188336132e-01 -9.032250312041812945e-01 -7.595344934640959611e-01 -1.129583942130600649e+00 9.981402735485567224e-02 -9.318708928064670660e-01 1.196407930153676524e+00 -3.287394420830863639e-01 -4.828443708302279092e-01 -2.095366014784096897e+00
-1.233050582227916830e-01 2.702637288813985461e-01 -5.821168980807119725e-02 -8.933695743447630511e-01 -7.712448333144895640e-01 1.607958013192153646e-01 2.493584642434819032e-01 -5.088984590807269504e-01 1.242453038075388427e+00 -1.484647575491869986e+00 -1.426138719603386729e-01 -8.511227125756586354e-01 -1.506347331881070950e+00
9.558808205483430021e-01 2.030204805276887736e+00 -3.790185026386571732e+00 1.342813380705943249e+00 -5.564176526596713995e-02 -2.295240391041029615e-01 1.312188452208435052e+00 8.222599096452044565e-01 4.074454256928554119e-01 -1.211410304817725381e+00 1.066252247992165891e+00 3.356310928230580859e-01 9.028057200576956598e-01
7.159823570166497231e-02 8.351475099630426002e-02 -1.041951058641052086e+00 -6.454426670653909959e-01 -1.364025222612303079e+00 -4.108950370455574097e-01 2.451185544475841804e-01 4.712288738815564315e-01 -4.336026810688972666e-01 7.934956043194471564e-02 -6.749054597951502643e-01 5.869960699280117877e-01 7.028149586999059562e-01
